MAE: 2.1359521673870994
MSE: 7.300720743851242
R²: 0.4930203491714582
