MAE: 0.37925511665741013
MSE: 0.3297286457617566
R²: 0.5670019946380824
