MAE: 4352.8486477810375
MSE: 122915854.38814808
R²: 0.10869007749829329
