MAE: 0.6381453705441131
MSE: 0.658532898443019
R²: 0.13521789763738623
