MAE: 10157.312086993616
MSE: 645046552.8514794
R²: -0.09287826929832144
