MAE: 1221.5852841899195
MSE: 3937818.8311302
R²: 0.19414410015983707
