MAE: 2.0755388438830806
MSE: 7.05231830714479
R²: 0.5102700132861225
